1666878223.977880  0.060171 -0.000255 -0.000000 0.003699 0.048599 0.000000
1666878224.111213  0.060207 -0.000296 -0.000000 0.003553 0.047735 0.000000
1666878224.244547  0.054581 -0.000560 -0.000000 0.159994 0.159709 0.000000
1666878224.377847  0.050560 -0.000417 -0.000000 0.159999 0.159735 0.000000
1666878224.511181  0.060005 -0.001295 -0.000000 0.003386 0.046667 0.000000
1666878224.644514  0.060038 -0.001292 -0.000000 0.003382 0.046528 0.000000
1666878224.811142  0.059923 -0.001577  0.000000 0.003377 0.046381 0.000000
1666878225.011142  0.059906 -0.001487  0.000000 0.003377 0.045772 0.000000
1666878225.111143  0.059830 -0.001601 -0.000000 0.003374 0.044836 0.000000
1666878225.244476  0.059795 -0.001631 -0.000000 0.003363 0.043000 0.000000
1666878225.377826  0.059771 -0.001663 -0.000000 0.003332 0.040347 0.000000
1666878225.577826  0.059766 -0.001865 -0.000000 0.003200 0.034770 0.000000
1666878226.377906  0.059951 -0.001861 -0.000001 0.002224 0.014465 0.000000
1666878226.611240  0.060078 -0.002086 -0.000000 0.002026 0.011692 0.000000
1666878226.811147  0.060252 -0.002121 -0.000000 0.001907 0.010250 0.000000
1666878227.011147  0.060475 -0.002109 -0.000000 0.001813 0.009288 0.000000
1666878227.744541  0.061132 -0.002332 -0.000000 0.001620 0.007592 0.000000
1666878232.111147  0.062063 -0.002843 -0.000001 0.001242 0.007255 0.000000
1666878232.311098  0.062075 -0.002986 -0.000001 0.001210 0.007201 0.000000
1666878232.511098  0.062031 -0.003097 -0.000001 0.001189 0.007179 0.000000
1666878232.744432  0.062078 -0.003009 -0.000000 0.001170 0.007154 0.000000
1666878232.944484  0.062068 -0.003063 -0.000000 0.001159 0.007119 0.000000
1666878233.111151  0.062049 -0.003108 -0.000000 0.001149 0.007072 0.000000
1666878233.311066  0.062009 -0.003159 -0.000000 0.001139 0.006987 0.000000
1666878233.611066  0.061901 -0.003266 -0.000001 0.001122 0.006775 0.000000
1666878234.444388  0.061455 -0.003300  0.000001 0.001044 0.005774 0.000000
1666878241.144249  0.060490 -0.002605  0.000002 0.000760 0.004716 0.000000
1666878241.344249  0.060415 -0.002695  0.000001 0.000739 0.004664 0.000000
1666878242.244231  0.060179 -0.002702 -0.000000 0.000701 0.004568 0.000000
1666878242.610898  0.060072 -0.002570  0.000001 0.000693 0.004479 0.000000
1666878247.077478  0.059888 -0.001762  0.000001 0.000651 0.003711 0.000000
1666878247.310827  0.059858 -0.001757  0.000000 0.000649 0.003701 0.000000
1666878247.544160  0.059862 -0.001756  0.000000 0.000648 0.003686 0.000000
1666878247.744161  0.059859 -0.001810 -0.000000 0.000647 0.003673 0.000000
1666878248.010811  0.059861 -0.001878 -0.000000 0.000647 0.003653 0.000000
1666878248.910805  0.059987 -0.002307 -0.000002 0.000642 0.003522 0.000000
1666878250.677472  0.060309 -0.003230 -0.000005 0.000626 0.002957 0.000000
1666878251.044122  0.060304 -0.003762 -0.000001 0.000622 0.002795 0.000000
1666878251.510787  0.060382 -0.003884 -0.000001 0.000614 0.002574 0.000000
1666878252.110862  0.060523 -0.003683 -0.000000 0.000595 0.002246 0.000000
1666878252.510725  0.060606 -0.003474  0.000001 0.000579 0.002014 0.000000
1666878253.410792  0.060729 -0.003273  0.000001 0.000548 0.001608 0.000000
1666878253.810764  0.060813 -0.003451 -0.000001 0.000537 0.001490 0.000000
1666878254.044098  0.060875 -0.003633 -0.000001 0.000532 0.001435 0.000000
1666878254.277431  0.060966 -0.003817 -0.000001 0.000528 0.001395 0.000000
1666878254.544099  0.061068 -0.003973 -0.000001 0.000525 0.001360 0.000000
1666878255.177445  0.061239 -0.004473 -0.000001 0.000523 0.001306 0.000000
1666878256.044013  0.061317 -0.005137 -0.000000 0.000520 0.001274 0.000000
1666878260.710588  0.061308 -0.005303 -0.000000 0.000499 0.001228 0.000000
1666878268.910465  0.061275 -0.005163  0.000000 0.000463 0.001209 0.000000
1666878269.243799  0.061247 -0.005067  0.000000 0.000457 0.001205 0.000000
1666878272.443831  0.060834 -0.005521 -0.000001 0.000436 0.001144 0.000000
1666878272.977057  0.060732 -0.005632 -0.000001 0.000432 0.001131 0.000000
1666878273.343762  0.060667 -0.005676  0.000000 0.000429 0.001121 0.000000
1666878276.210352  0.060429 -0.005589  0.000001 0.000422 0.001086 0.000000
1666878277.810249  0.060349 -0.005684 -0.000000 0.000421 0.001080 0.000000
1666878280.010247  0.060125 -0.005894 -0.000000 0.000416 0.001041 0.000000
1666878280.510334  0.060099 -0.005957  0.000000 0.000415 0.001035 0.000000
1666878280.977001  0.060122 -0.006021 -0.000000 0.000415 0.001031 0.000000
1666878281.310335  0.060144 -0.006054  0.000000 0.000415 0.001029 0.000000
1666878282.010168  0.060176 -0.006099  0.000000 0.000414 0.001023 0.000000
1666878282.176836  0.060189 -0.006113 -0.000000 0.000413 0.001021 0.000000
1666878282.276836  0.060190 -0.006125 -0.000000 0.000413 0.001020 0.000000
1666878282.776831  0.060174 -0.006223 -0.000000 0.000411 0.001015 0.000000
1666878283.743573  0.060078 -0.006595 -0.000000 0.000405 0.000998 0.000000
1666878286.010109  0.059886 -0.007042 -0.000001 0.000398 0.000973 0.000000
1666878289.043388  0.059670 -0.007581 -0.000001 0.000392 0.000944 0.000000
1666878289.643399  0.059626 -0.007733 -0.000000 0.000391 0.000935 0.000000
1666878290.376699  0.059640 -0.007787 -0.000000 0.000391 0.000928 0.000000
1666878290.743366  0.059656 -0.007819 -0.000000 0.000390 0.000923 0.000000
1666878291.043329  0.059709 -0.007831  0.000000 0.000389 0.000915 0.000000
1666878291.443378  0.059764 -0.007804 -0.000000 0.000386 0.000900 0.000000
1666878291.843339  0.059793 -0.007880 -0.000000 0.000380 0.000875 0.000000
1666878292.176673  0.059814 -0.008000 -0.000000 0.000373 0.000841 0.000000
1666878292.576681  0.059849 -0.008034  0.000000 0.000361 0.000789 0.000000
1666878293.010077  0.059808 -0.007842  0.000000 0.000346 0.000724 0.000000
1666878293.343316  0.059708 -0.007687 -0.000001 0.000333 0.000670 0.000000
1666878295.010110  0.059357 -0.007146  0.000001 0.000290 0.000523 0.000000
1666878295.576623  0.059296 -0.007022  0.000000 0.000284 0.000503 0.000000
1666878305.176494  0.059307 -0.007008 -0.000000 0.000280 0.000487 0.000000
1666878306.943085  0.059298 -0.006941  0.000000 0.000279 0.000485 0.000000
1666878307.276419  0.059284 -0.006906 -0.000000 0.000275 0.000474 0.000000
1666878307.576402  0.059322 -0.006885  0.000000 0.000272 0.000468 0.000000
1666878307.909748  0.059381 -0.006838  0.000000 0.000269 0.000460 0.000000
1666878319.976196  0.059328 -0.006848  0.000000 0.000267 0.000457 0.000000
1666878320.942896  0.059319 -0.006888 -0.000000 0.000266 0.000456 0.000000
1666878326.409458  0.059307 -0.007033 -0.000000 0.000263 0.000451 0.000000
1666878327.709407  0.059319 -0.007165 -0.000000 0.000262 0.000449 0.000000
1666878327.976121  0.059352 -0.007188 -0.000000 0.000262 0.000445 0.000000
1666878328.342789  0.059431 -0.007240  0.000000 0.000260 0.000441 0.000000
1666878328.976081  0.059525 -0.007360 -0.000000 0.000257 0.000431 0.000000
1666878329.309416  0.059574 -0.007324  0.000000 0.000255 0.000422 0.000000
1666878329.509348  0.059580 -0.007290  0.000000 0.000253 0.000415 0.000000
1666878329.676015  0.059564 -0.007289  0.000000 0.000252 0.000410 0.000000
1666878329.842682  0.059626 -0.007293  0.000000 0.000251 0.000406 0.000000
1666878330.042572  0.059620 -0.007323 -0.000000 0.000249 0.000401 0.000000
1666878330.209239  0.059616 -0.007350 -0.000000 0.000247 0.000397 0.000000
1666878330.409408  0.059662 -0.007355  0.000000 0.000245 0.000393 0.000000
1666878330.909295  0.059703 -0.007432 -0.000000 0.000240 0.000383 0.000000
1666878331.142629  0.059716 -0.007536 -0.000000 0.000237 0.000379 0.000000
1666878331.375963  0.059718 -0.007618 -0.000001 0.000234 0.000375 0.000000
1666878331.675972  0.056776 -0.008589 -0.000000 0.000412 0.000421 0.000000
1666878332.242603  0.056826 -0.008796 -0.000001 0.000398 0.000407 0.000000
1666878332.442666  0.056848 -0.008845 -0.000000 0.000393 0.000404 0.000000
1666878332.742667  0.056840 -0.008945 -0.000001 0.000387 0.000399 0.000000
1666878333.109409  0.056848 -0.009050 -0.000000 0.000380 0.000392 0.000000
1666878333.309409  0.056837 -0.009065  0.000000 0.000377 0.000389 0.000000
1666878333.475977  0.056880 -0.009068  0.000000 0.000374 0.000387 0.000000
1666878333.642644  0.056879 -0.009057  0.000000 0.000372 0.000385 0.000000
1666878333.809311  0.056896 -0.009046  0.000000 0.000369 0.000384 0.000000
1666878333.942606  0.056892 -0.009055  0.000000 0.000367 0.000382 0.000000
1666878334.075940  0.056913 -0.009048 -0.000000 0.000365 0.000380 0.000000
1666878334.209273  0.056892 -0.009054 -0.000000 0.000363 0.000379 0.000000
1666878334.342607  0.056889 -0.009063 -0.000000 0.000361 0.000377 0.000000
1666878334.475965  0.056886 -0.009061  0.000000 0.000359 0.000375 0.000000
1666878334.575965  0.056856 -0.009054 -0.000000 0.000358 0.000374 0.000000
1666878334.709299  0.056871 -0.009078 -0.000000 0.000356 0.000372 0.000000
1666878334.842632  0.056922 -0.009079  0.000000 0.000354 0.000369 0.000000
1666878335.009299  0.056962 -0.009091  0.000000 0.000352 0.000365 0.000000
1666878335.209300  0.057003 -0.009110 -0.000000 0.000349 0.000360 0.000000
1666878335.409171  0.057054 -0.009110  0.000000 0.000346 0.000354 0.000000
1666878335.709172  0.057163 -0.009105  0.000000 0.000341 0.000344 0.000000
1666878336.609294  0.057371 -0.009207 -0.000000 0.000325 0.000319 0.000000
1666878337.642594  0.057668 -0.009572 -0.000001 0.000312 0.000300 0.000000
1666878339.575885  0.057939 -0.010216 -0.000000 0.000318 0.000287 0.000000
1666878341.775852  0.058175 -0.010651 -0.000000 0.000315 0.000271 0.000000
1666878342.542503  0.058317 -0.010822 -0.000000 0.000312 0.000260 0.000000
1666878343.875829  0.058723 -0.011192 -0.000000 0.000303 0.000242 0.000000
1666878344.942499  0.059081 -0.011432 -0.000000 0.000295 0.000230 0.000000
1666878345.275833  0.059341 -0.011725 -0.000000 0.000297 0.000229 0.000000
1666878345.475868  0.059370 -0.011729 -0.000000 0.000295 0.000227 0.000000
1666878345.675868  0.059474 -0.011802  0.000000 0.000293 0.000225 0.000000
1666878345.842535  0.059531 -0.011874 -0.000000 0.000292 0.000223 0.000000
1666878345.975869  0.059638 -0.011941 -0.000000 0.000290 0.000222 0.000000
1666878346.109202  0.059701 -0.011994 -0.000000 0.000289 0.000221 0.000000
1666878346.275869  0.059719 -0.012004 -0.000000 0.000288 0.000220 0.000000
1666878346.442458  0.059731 -0.012025  0.000000 0.000288 0.000219 0.000000
1666878346.609125  0.059723 -0.011996  0.000000 0.000287 0.000218 0.000000
1666878346.809126  0.059708 -0.011943  0.000000 0.000287 0.000217 0.000000
1666878346.975756  0.059697 -0.011937 -0.000000 0.000286 0.000216 0.000000
1666878347.142423  0.059681 -0.011921  0.000000 0.000286 0.000215 0.000000
1666878347.309090  0.059649 -0.011925 -0.000000 0.000286 0.000215 0.000000
1666878347.509221  0.059657 -0.011967 -0.000000 0.000286 0.000215 0.000000
1666878347.709221  0.059617 -0.011980 -0.000000 0.000285 0.000214 0.000000
1666878347.975888  0.059515 -0.012021 -0.000000 0.000283 0.000214 0.000000
1666878348.309222  0.058734 -0.012377  0.000000 0.000322 0.000245 0.000000
1666878350.542523  0.057941 -0.012096  0.000000 0.000287 0.000232 0.000000
1666878351.575786  0.057824 -0.011999  0.000000 0.000278 0.000225 0.000000
1666878352.142454  0.057629 -0.011785 -0.000000 0.000266 0.000217 0.000000
1666878352.575756  0.057418 -0.011530 -0.000000 0.000257 0.000210 0.000000
1666878352.775756  0.057178 -0.011341  0.000000 0.000262 0.000212 0.000000
1666878352.942387  0.057125 -0.011280  0.000000 0.000258 0.000210 0.000000
1666878353.109054  0.057062 -0.011224  0.000000 0.000255 0.000208 0.000000
1666878353.309055  0.056985 -0.011123  0.000000 0.000251 0.000206 0.000000
1666878353.575723  0.056840 -0.011003 -0.000000 0.000246 0.000203 0.000000
1666878356.642392  0.056442 -0.010894  0.000000 0.000235 0.000195 0.000000
1666878357.275793  0.056379 -0.010823  0.000000 0.000235 0.000193 0.000000
1666878358.309129  0.056193 -0.010719 -0.000000 0.000232 0.000189 0.000000
1666878358.642299  0.056099 -0.010621 -0.000000 0.000230 0.000187 0.000000
1666878359.575722  0.055663 -0.010294 -0.000000 0.000223 0.000182 0.000000
1666878360.375699  0.055334 -0.010020 -0.000000 0.000216 0.000177 0.000000
1666878360.942423  0.055049 -0.009752  0.000000 0.000210 0.000173 0.000000
1666878361.475692  0.054803 -0.009565  0.000000 0.000205 0.000170 0.000000
1666878361.942360  0.054636 -0.009427  0.000000 0.000200 0.000167 0.000000
1666878362.309027  0.054541 -0.009315  0.000000 0.000196 0.000164 0.000000
1666878362.542368  0.054577 -0.009230  0.000000 0.000193 0.000162 0.000000
1666878362.809035  0.054506 -0.009123  0.000000 0.000189 0.000160 0.000000
1666878363.109095  0.054406 -0.009043  0.000000 0.000184 0.000157 0.000000
1666878363.742430  0.054319 -0.008909  0.000000 0.000174 0.000151 0.000000
1666878364.209093  0.054369 -0.008813 -0.000000 0.000166 0.000145 0.000000
1666878366.342387  0.054150 -0.008684  0.000000 0.000147 0.000132 0.000000
1666878368.142381  0.054254 -0.008815 -0.000000 0.000142 0.000128 0.000000
1666878368.808948  0.054170 -0.008825 -0.000000 0.000138 0.000125 0.000000
1666878369.442330  0.054059 -0.008854 -0.000000 0.000134 0.000123 0.000000
1666878369.675664  0.054009 -0.008865 -0.000000 0.000133 0.000122 0.000000
1666878369.975728  0.053981 -0.008890  0.000000 0.000132 0.000121 0.000000
1666878371.008890  0.053944 -0.008971  0.000000 0.000128 0.000118 0.000000
1666878371.942305  0.053929 -0.009049 -0.000000 0.000126 0.000116 0.000000
1666878372.942213  0.053864 -0.009104 -0.000000 0.000124 0.000115 0.000000
1666878373.142214  0.053843 -0.009114  0.000000 0.000124 0.000115 0.000000
1666878373.375548  0.053808 -0.009118 -0.000000 0.000124 0.000115 0.000000
1666878373.575556  0.053738 -0.009121 -0.000000 0.000123 0.000115 0.000000
1666878373.742223  0.053702 -0.009131  0.000000 0.000123 0.000115 0.000000
1666878373.908890  0.053789 -0.009172 -0.000000 0.000123 0.000115 0.000000
1666878374.075633  0.053866 -0.009237  0.000000 0.000123 0.000115 0.000000
1666878374.242300  0.053858 -0.009234  0.000000 0.000123 0.000115 0.000000
1666878374.375634  0.053894 -0.009211  0.000000 0.000123 0.000115 0.000000
1666878374.542214  0.053895 -0.009189 -0.000000 0.000123 0.000115 0.000000
1666878374.708881  0.053957 -0.009145 -0.000000 0.000123 0.000115 0.000000
1666878374.908882  0.053945 -0.009146  0.000000 0.000123 0.000115 0.000000
1666878375.142208  0.053987 -0.009112  0.000000 0.000123 0.000115 0.000000
1666878375.375541  0.053991 -0.009071  0.000000 0.000123 0.000114 0.000000
1666878375.642265  0.053977 -0.009022  0.000000 0.000122 0.000114 0.000000
1666878375.908932  0.053958 -0.008959  0.000000 0.000122 0.000113 0.000000
1666878376.842333  0.053830 -0.008780  0.000000 0.000118 0.000111 0.000000
1666878377.009000  0.053791 -0.008763  0.000000 0.000118 0.000110 0.000000
1666878377.209000  0.053760 -0.008737  0.000000 0.000117 0.000110 0.000000
1666878377.442334  0.053728 -0.008724 -0.000000 0.000116 0.000109 0.000000
1666878377.875668  0.053686 -0.008712  0.000000 0.000115 0.000108 0.000000
1666878378.208854  0.053679 -0.008703  0.000000 0.000114 0.000107 0.000000
1666878378.375521  0.053673 -0.008700 -0.000000 0.000113 0.000107 0.000000
1666878378.575528  0.053644 -0.008683  0.000000 0.000113 0.000107 0.000000
1666878378.742195  0.053648 -0.008676 -0.000000 0.000113 0.000107 0.000000
1666878378.908862  0.053627 -0.008691 -0.000000 0.000112 0.000106 0.000000
1666878379.108887  0.053601 -0.008697 -0.000000 0.000112 0.000106 0.000000
1666878379.342221  0.053593 -0.008703 -0.000000 0.000112 0.000106 0.000000
1666878379.808816  0.053581 -0.008724  0.000000 0.000112 0.000106 0.000000
1666878380.808938  0.053571 -0.008749  0.000000 0.000111 0.000106 0.000000
1666878382.508822  0.053578 -0.008782 -0.000000 0.000111 0.000106 0.000000
1666878382.775490  0.053600 -0.008784 -0.000000 0.000111 0.000106 0.000000
1666878383.142157  0.053604 -0.008779  0.000000 0.000111 0.000106 0.000000
1666878383.875492  0.053626 -0.008789  0.000000 0.000111 0.000106 0.000000
1666878384.575473  0.053636 -0.008804  0.000000 0.000110 0.000105 0.000000
1666878385.375445  0.053642 -0.008768 -0.000000 0.000110 0.000105 0.000000
1666878386.175454  0.053674 -0.008709  0.000000 0.000109 0.000104 0.000000
1666878386.642089  0.053685 -0.008651 -0.000000 0.000108 0.000103 0.000000
1666878386.908757  0.053686 -0.008630 -0.000000 0.000108 0.000103 0.000000
1666878387.108777  0.053679 -0.008630 -0.000000 0.000107 0.000103 0.000000
1666878387.342111  0.053711 -0.008638