1666878223.977880  0.006028 -0.174181  0.155910 0.124986 0.179819 0.174069
1666878224.111213 -0.010349 -0.175962  0.154645 0.122725 0.181245 0.167157
1666878224.244547 -0.009581 -0.171938  0.108444 139.612871   0.395067   0.164900
1666878224.377847 -0.005365 -0.155035  0.091509 2.249308 0.221034 0.183259
1666878224.511181  0.025535 -0.059850  0.095385 0.118756 0.169303 0.143689
1666878224.644514  0.019113 -0.041502  0.092274 0.118219 0.157052 0.138966
1666878224.811142  0.008316 -0.008445  0.086469 0.117603 0.147017 0.133243
1666878225.011142 -0.015633  0.099639  0.057141 0.117035 0.134552 0.126827
1666878225.111143 -0.034786  0.113222  0.024644 0.116706 0.130660 0.123749
1666878225.244476 -0.045605  0.164596  0.025621 0.117032 0.135730 0.121633
1666878225.377826 -0.044435  0.138635  0.025887 0.117925 0.154473 0.122126
1666878225.577826 -0.026418  0.078701  0.017072 0.120646 0.199706 0.123789
1666878226.377906  0.010635 -0.060418  0.015606 0.151780 0.252227 0.125308
1666878226.611240  0.016376 -0.084264  0.017399 0.140341 0.214314 0.123990
1666878226.811147  0.024922 -0.089144  0.021138 0.133720 0.191372 0.123446
1666878227.011147  0.019851 -0.078159  0.007920 0.128494 0.173262 0.122799
1666878227.744541 -0.023666 -0.016981  0.011525 0.133240 0.145183 0.124072
1666878232.111147 -0.003350 -0.103873  0.039503 0.705009 0.708305 0.195115
1666878232.311098  0.000924 -0.121425  0.034895 0.303385 0.309318 0.159461
1666878232.511098  0.001419 -0.108449  0.023488 0.203078 0.213532 0.140771
1666878232.744432 -0.014413 -0.128898  0.014595 0.156219 0.170265 0.128398
1666878232.944484 -0.029708 -0.098739  0.012490 0.136647 0.152807 0.122232
1666878233.111151 -0.032490 -0.119760  0.009249 0.127134 0.145024 0.118623
1666878233.311066 -0.032545 -0.101636 -0.015910 0.120642 0.141309 0.115947
1666878233.611066 -0.037630 -0.077884 -0.018256 0.117549 0.141803 0.113929
1666878234.444388 -0.005389 -0.020471 -0.042656 0.139903 0.163635 0.115384
1666878241.144249  0.021789  0.062104 -0.031716 1.862260 1.865573 0.257293
1666878241.344249  0.010277  0.043375 -0.022176 0.403116 0.408617 0.188279
1666878242.244231 -0.012489 -0.015946  0.001067 0.148018 0.149125 0.120350
1666878242.610898 -0.004906 -0.010735 -0.009052 0.127708 0.133364 0.112901
1666878247.077478 0.005646 0.087450 0.114521 0.739492 0.742033 0.177135
1666878247.310827 0.013233 0.098129 0.119516 0.284041 0.292210 0.145544
1666878247.544160 0.012896 0.097005 0.114302 0.187786 0.199431 0.131882
1666878247.744161 -0.000756  0.068462  0.083209 0.153214 0.165663 0.125317
1666878248.010811 0.006600 0.031017 0.026101 0.131132 0.140908 0.119015
1666878248.910805 -0.013271 -0.009128  0.001452 0.139037 0.141848 0.115916
1666878250.677472 0.004994 0.021001 0.008152 0.222406 0.226572 0.126166
1666878251.044122 -0.008443  0.047968  0.071316 0.150712 0.155880 0.116966
1666878251.510787 -0.004153 -0.014474  0.097682 0.128515 0.138216 0.113488
1666878252.110862  0.006206 -0.047318  0.091733 0.127211 0.140325 0.115854
1666878252.510725  0.014211 -0.058149  0.072304 0.122616 0.135328 0.117405
1666878253.410792  0.025695 -0.095201  0.002116 0.142338 0.150885 0.120909
1666878253.810764  0.007613 -0.139565  0.031239 0.126721 0.135283 0.117345
1666878254.044098 -0.001795 -0.154259  0.026962 0.120021 0.129858 0.114899
1666878254.277431 -0.011876 -0.150786  0.007453 0.115678 0.126297 0.113490
1666878254.544099 -0.014066 -0.115814  0.016044 0.112972 0.123460 0.112318
1666878255.177445 -0.039421 -0.047797 -0.009513 0.120799 0.126059 0.111119
1666878256.044013 -0.033663  0.011383 -0.012179 0.135490 0.137156 0.113031
1666878260.710588 -0.006461 -0.014396  0.008271 0.807288 0.808016 0.176943
1666878268.910465 -0.063695 -0.050314 -0.000441 3.630270 3.635188 0.281536
1666878269.243799 -0.023442 -0.056683  0.003505 0.291288 0.296068 0.166330
1666878272.443831 -0.016901  0.036612 -0.030799 0.486090 0.492172 0.142279
1666878272.977057 -0.014187  0.118266 -0.016554 0.166493 0.173078 0.115882
1666878273.343762 -0.035714  0.056200  0.009070 0.132525 0.139977 0.109172
1666878276.210352 -0.017770  0.006643 -0.003997 0.365765 0.365407 0.135833
1666878277.810249 -0.047792 -0.013187  0.026140 0.205727 0.207393 0.113653
1666878280.010247 0.026183 0.063497 0.022604 0.283381 0.284328 0.122773
1666878280.510334 0.021042 0.011296 0.011002 0.151082 0.151392 0.110268
1666878280.977001  0.032401 -0.024008  0.033751 0.126257 0.125053 0.106106
1666878281.310335  0.010664 -0.022634  0.002104 0.118206 0.116421 0.104664
1666878282.010168 -0.041673 -0.020661 -0.001715 0.124776 0.124082 0.105079
1666878282.176836 -0.049744 -0.026330 -0.022201 0.118629 0.118531 0.104597
1666878282.276836 -0.034005 -0.041184 -0.042758 0.115874 0.115912 0.104531
1666878282.776831 -0.053552 -0.031858  0.000962 0.115930 0.116003 0.105711
1666878283.743573 -0.056147 -0.061567 -0.030790 0.141927 0.141437 0.109005
1666878286.010109 -0.008683 -0.007762  0.011342 0.282024 0.282118 0.124429
1666878289.043388 -0.011254  0.000875 -0.003362 0.446752 0.443171 0.145151
1666878289.643399 -0.054376  0.029345  0.044900 0.157035 0.156017 0.114188
1666878290.376699 -0.013902  0.039158  0.031483 0.130268 0.130509 0.106683
1666878290.743366 -0.048666  0.047993  0.061265 0.118869 0.119820 0.104839
1666878291.043329 -0.054596  0.049467  0.060867 0.114582 0.116190 0.104396
1666878291.443378 -0.011602  0.049680  0.058723 0.114405 0.117909 0.104720
1666878291.843339 -0.024160  0.030049  0.098504 0.115611 0.121492 0.105191
1666878292.176673 -0.014530  0.045268  0.080868 0.116154 0.124247 0.105773
1666878292.576681 -0.019648  0.013732  0.048947 0.119204 0.129495 0.106094
1666878293.010077 -0.022118  0.031874 -0.011425 0.122219 0.133343 0.104552
1666878293.343316  0.004659  0.027916 -0.014080 0.122365 0.133859 0.103307
1666878295.010110  0.010123 -0.008119 -0.002325 0.211600 0.215762 0.113501
1666878295.576623  0.017892 -0.015427 -0.003550 0.139575 0.143664 0.106593
1666878305.176494 -0.031036  0.015155 -0.012451 4.849708 4.857104 0.347283
1666878306.943085  0.022300 -0.032453 -0.021228 0.242678 0.247908 0.116083
1666878307.276419  0.058817 -0.075852 -0.026264 0.160384 0.164552 0.109171
1666878307.576402  0.027538 -0.080832 -0.006858 0.134597 0.139346 0.105988
1666878307.909748  0.012805 -0.049548 -0.022686 0.122090 0.127231 0.104231
1666878319.976196 -0.013115 -0.041190 -0.028731 9.250900 9.277777 0.420638
1666878320.942896 -0.019227 -0.009645 -0.018210 0.156143 0.157211 0.122770
1666878326.409458 -0.064256  0.009355 -0.002534 1.150561 1.150995 0.190874
1666878327.709407 -0.074331  0.084721  0.026325 0.171090 0.171728 0.112710
1666878327.976121 -0.054407  0.103561 -0.021083 0.139723 0.141127 0.108199
1666878328.342789 -0.059564  0.061415 -0.016299 0.123351 0.126011 0.105136
1666878328.976081  0.020795  0.091680 -0.008298 0.123534 0.126732 0.104028
1666878329.309416  0.058532  0.168722 -0.065082 0.117777 0.123716 0.103165
1666878329.509348  0.034296  0.163699 -0.110900 0.115368 0.123751 0.103081
1666878329.676015  0.044653  0.141771 -0.120093 0.114025 0.123503 0.103337
1666878329.842682  0.047530  0.132262 -0.133511 0.113160 0.123002 0.104080
1666878330.042572  0.041055  0.108183 -0.135663 0.112706 0.122273 0.105217
1666878330.209239  0.009213  0.086289 -0.132779 0.112141 0.121250 0.106099
1666878330.409408 -0.031797  0.037216 -0.052858 0.111474 0.119194 0.106064
1666878330.909295 -0.039387 -0.060427  0.056611 0.116696 0.119539 0.104028
1666878331.142629 -0.041118 -0.058947  0.052537 0.114383 0.116157 0.103551
1666878331.375963 -0.012405 -0.065259  0.024261 0.112999 0.115019 0.103640
1666878331.675972 -0.012677 -0.017275 -0.013098 0.115360 0.115589 0.104593
1666878332.242603  0.025623 -0.015184  0.040082 0.121563 0.121552 0.105547
1666878332.442666  0.030553 -0.050894  0.040064 0.118149 0.118502 0.105751
1666878332.742667 -0.001369  0.003178 -0.005783 0.115804 0.117077 0.105271
1666878333.109409  0.041438 -0.038860  0.070335 0.115719 0.116973 0.105914
1666878333.309409  0.038498 -0.089804  0.034759 0.114323 0.116624 0.106299
1666878333.475977  0.039155 -0.109234  0.027936 0.113490 0.117370 0.106074
1666878333.642644  0.055840 -0.096726  0.066038 0.113162 0.118646 0.106133
1666878333.809311  0.065224 -0.127606  0.039731 0.113153 0.120144 0.106275
1666878333.942606  0.085201 -0.129849  0.046877 0.113373 0.121728 0.106101
1666878334.075940  0.122827 -0.131388  0.025085 0.114127 0.122949 0.105845
1666878334.209273  0.167095 -0.157486 -0.014233 0.115703 0.124221 0.105131
1666878334.342607  0.178741 -0.191778 -0.055562 0.117924 0.126560 0.104059
1666878334.475965  0.177546 -0.203705 -0.024797 0.120237 0.129246 0.103287
1666878334.575965  0.162906 -0.184887 -0.012523 0.122031 0.131132 0.103125
1666878334.709299  0.138088 -0.161258 -0.049348 0.123447 0.132362 0.102869
1666878334.842632  0.120013 -0.154092 -0.078298 0.124071 0.132485 0.102597
1666878335.009299  0.117725 -0.145622 -0.068104 0.124839 0.132506 0.102474
1666878335.209300  0.113260 -0.101527 -0.096494 0.125394 0.131522 0.102750
1666878335.409171  0.096463 -0.062756 -0.104081 0.125996 0.127501 0.103583
1666878335.709172  0.035714 -0.013902 -0.041296 0.125591 0.122948 0.104764
1666878336.609294  0.005268  0.010051 -0.049564 0.143314 0.140515 0.108299
1666878337.642594 -0.050529  0.001834  0.034743 0.150255 0.150864 0.109798
1666878339.575885 -0.004103  0.006369 -0.030854 0.241703 0.240642 0.121461
1666878341.775852 -0.001970 -0.007959 -0.037516 0.289530 0.289310 0.126973
1666878342.542503 -0.047177 -0.014811 -0.065794 0.144011 0.143447 0.113790
1666878343.875829 -0.052195  0.021094  0.016522 0.177204 0.176100 0.117282
1666878344.942499 -0.088059  0.021858  0.070455 0.154165 0.153022 0.111909
1666878345.275833 -0.122703 -0.075283  0.168097 0.131523 0.129927 0.110151
1666878345.475868 -0.182152 -0.115629  0.122570 0.124792 0.123013 0.110680
1666878345.675868 -0.213861 -0.208572  0.082637 0.121853 0.120829 0.110232
1666878345.842535 -0.226126 -0.256056  0.084468 0.121236 0.122548 0.109613
1666878345.975869 -0.230821 -0.241292  0.105584 0.121231 0.124867 0.109431
1666878346.109202 -0.203930 -0.220554  0.101881 0.121341 0.126773 0.109569
1666878346.275869 -0.188156 -0.214559  0.061097 0.121299 0.129156 0.109246
1666878346.442458 -0.191802 -0.215884  0.057592 0.121488 0.131552 0.108551
1666878346.609125 -0.227504 -0.210484  0.056350 0.122583 0.133830 0.107888
1666878346.809126 -0.257501 -0.230503  0.042024 0.125248 0.136607 0.107137
1666878346.975756 -0.291015 -0.220241  0.059919 0.128495 0.138460 0.106765
1666878347.142423 -0.266395 -0.173838  0.044096 0.132300 0.138785 0.106446
1666878347.309090 -0.270216 -0.152342  0.042784 0.135923 0.137632 0.105948
1666878347.509221 -0.274713 -0.112402  0.035366 0.139120 0.134645 0.105302
1666878347.709221 -0.278154 -0.077200  0.025090 0.142406 0.130700 0.104715
1666878347.975888 -0.265046 -0.043970  0.003854 0.146679 0.126339 0.104136
1666878348.309222 -0.211714 -0.031006  0.012281 0.156288 0.126230 0.103883
1666878350.542523 -0.021493  0.046043 -0.004554 0.275222 0.283587 0.121659
1666878351.575786 -0.102408  0.069790  0.046175 0.159676 0.161036 0.108271
1666878352.142454  0.006742 -0.071947 -0.061256 0.136199 0.134007 0.104919
1666878352.575756  0.241720  0.029087 -0.104258 0.126702 0.126653 0.103791
1666878352.775756  0.368219  0.069736 -0.138777 0.127463 0.123033 0.103841
1666878352.942387  0.375332  0.112010 -0.087017 0.131969 0.120242 0.103902
1666878353.109054  0.354031  0.105650 -0.111859 0.136954 0.117804 0.103880
1666878353.309055  0.251454  0.088916 -0.111818 0.140433 0.115636 0.104278
1666878353.575723  0.123028  0.049492 -0.121765 0.138705 0.113666 0.104899
1666878356.642392 -0.057883 -0.001857 -0.002070 0.392701 0.389489 0.145549
1666878357.275793 -0.055079  0.018238 -0.001483 0.151153 0.150258 0.114901
1666878358.309129 -0.079180  0.063129 -0.000634 0.149156 0.147964 0.109704
1666878358.642299 -0.026822  0.059764 -0.005479 0.128689 0.127349 0.107074
1666878359.575722 -0.098236  0.090427  0.056194 0.143133 0.141559 0.107904
1666878360.375699 -0.107030  0.067386  0.021612 0.136510 0.134483 0.106994
1666878360.942423 -0.084299  0.042042 -0.035218 0.128701 0.124432 0.105539
1666878361.475692 -0.070730  0.057665  0.105299 0.126414 0.122169 0.105883
1666878361.942360 -0.078924  0.128541  0.086744 0.122687 0.120222 0.106885
1666878362.309027 -0.199283  0.030315  0.001117 0.121413 0.118048 0.105163
1666878362.542368 -0.191335  0.021127  0.001116 0.122010 0.116577 0.104253
1666878362.809035 -0.156383  0.037701  0.003868 0.122922 0.116628 0.103518
1666878363.109095 -0.103637  0.036602 -0.013793 0.123358 0.117805 0.103027
1666878363.742430 -0.027369  0.040249 -0.001022 0.130305 0.130203 0.103532
1666878364.209093  0.001056  0.011988 -0.038926 0.125367 0.127734 0.103124
1666878366.342387  0.023392 -0.082603 -0.033725 0.262555 0.261016 0.121356
1666878368.142381 0.041862 0.013014 0.034405 0.235251 0.235398 0.115138
1666878368.808948 -0.008329 -0.007815  0.003243 0.141820 0.141445 0.106880
1666878369.442330 0.108736 0.046115 0.044542 0.129665 0.128854 0.104429
1666878369.675664 0.109833 0.036742 0.026079 0.123687 0.121585 0.103588
1666878369.975728 0.114819 0.044242 0.016120 0.120837 0.117086 0.102983
1666878371.008890 -0.022186 -0.017946 -0.029414 0.148580 0.147061 0.105855
1666878371.942305  0.040239 -0.005108  0.033144 0.141576 0.140866 0.105508
1666878372.942213 0.116385 0.060378 0.027014 0.145139 0.144264 0.105973
1666878373.142214 0.144067 0.114309 0.029182 0.131674 0.129982 0.104667
1666878373.375548 0.169981 0.148431 0.018665 0.123967 0.121465 0.103697
1666878373.575556  0.175410  0.136098 -0.023741 0.120264 0.117614 0.103077
1666878373.742223  0.200774  0.148602 -0.012078 0.118708 0.115689 0.102698
1666878373.908890  0.187757  0.169241 -0.008259 0.117837 0.114983 0.102443
1666878374.075633  0.180913  0.187553 -0.003649 0.117226 0.115280 0.102261
1666878374.242300  0.169030  0.197658 -0.022925 0.116734 0.116216 0.102131
1666878374.375634  0.167080  0.195551 -0.024348 0.116228 0.116932 0.102044
1666878374.542214  0.151685  0.204967 -0.021502 0.115972 0.118268 0.101990
1666878374.708881  0.125443  0.190598 -0.026698 0.115293 0.119754 0.101946
1666878374.908882  0.099884  0.175964 -0.018926 0.114446 0.120915 0.101936
1666878375.142208  0.073730  0.159654 -0.011476 0.114021 0.122791 0.101936
1666878375.375541  0.055206  0.133569 -0.002582 0.113198 0.122874 0.101913
1666878375.642265  0.044988  0.124444 -0.013961 0.113155 0.122127 0.101934
1666878375.908932  0.038684  0.093953 -0.012334 0.113509 0.121590 0.101941
1666878376.842333 -0.009038 -0.217243 -0.012867 0.143819 0.142004 0.104845
1666878377.009000 -0.014543 -0.195315 -0.009192 0.132922 0.131846 0.103947
1666878377.209000 -0.016206 -0.143136 -0.011760 0.124900 0.125132 0.103211
1666878377.442334 -0.006386 -0.127800 -0.036880 0.119456 0.120999 0.102693
1666878377.875668 -0.011174 -0.055312 -0.022150 0.117618 0.119296 0.102518
1666878378.208854 -0.034856 -0.103397 -0.011011 0.115302 0.116906 0.102298
1666878378.375521 -0.051053 -0.145995 -0.028622 0.113465 0.115687 0.102137
1666878378.575528 -0.055058 -0.148639 -0.009289 0.112126 0.115197 0.102029
1666878378.742195 -0.100978 -0.161223  0.000438 0.111247 0.114833 0.101955
1666878378.908862 -0.123058 -0.154660 -0.002892 0.110767 0.114626 0.101908
1666878379.108887 -0.140141 -0.156931  0.021789 0.110874 0.114591 0.101907
1666878379.342221 -0.080816 -0.126181  0.030189 0.110923 0.114654 0.101988
1666878379.808816 -0.004311 -0.019416 -0.003758 0.113677 0.116550 0.102484
1666878380.808938  0.038422  0.062513 -0.078686 0.141674 0.141750 0.105513
1666878382.508822 -0.085566 -0.113054 -0.048803 0.212416 0.212299 0.114099
1666878382.775490 -0.087992 -0.119053 -0.040453 0.156293 0.156662 0.108958
1666878383.142157 -0.077775 -0.059973 -0.025532 0.129123 0.129079 0.105465
1666878383.875492 -0.013989 -0.009563 -0.025557 0.127307 0.126746 0.104312
1666878384.575473 -0.024862  0.021575 -0.017798 0.125698 0.125053 0.103936
1666878385.375445 -0.023780 -0.005200 -0.041674 0.130825 0.130504 0.104405
1666878386.175454 -0.041676 -0.008449 -0.023407 0.132099 0.131774 0.104354
1666878386.642089 -0.027354 -0.038538  0.097344 0.121770 0.121376 0.103279
1666878386.908757 0.004141 0.038967 0.087686 0.116268 0.116257 0.103146
1666878387.108777 0.032575 0.066672 0.053749 0.113479 0.113378 0.102988
1666878387.342111 0.059679 0.040311 0.041805 0.111838 0.111777 0.102909
1666878387.642145