1666878223.977880 0.193487 3.849477
1666878224.111213 0.193997 3.728257
1666878224.244547 0.194416 3.735156
1666878224.377847 0.194088 3.722423
1666878224.511181 0.194237 3.420460
1666878224.644514 0.194530 3.322385
1666878224.811142 0.194444 3.221240
1666878225.011142 0.194308 2.895971
1666878225.111143 0.194034 2.589115
1666878225.244476 0.193374 2.243436
1666878225.377826 0.192806 2.029558
1666878225.577826 0.192079 1.928462
1666878226.377906 0.191826 1.922266
1666878226.611240 0.192242 1.946205
1666878226.811147 0.192602 1.938820
1666878227.011147 0.193071 1.917958
1666878227.744541 0.194719 1.843559
1666878232.111147 0.197860 1.698698
1666878232.311098 0.198154 1.623529
1666878232.511098 0.198096 1.602862
1666878232.744432 0.197815 1.518459
1666878232.944484 0.197964 1.514923
1666878233.111151 0.198038 1.514100
1666878233.311066 0.197910 1.512603
1666878233.611066 0.197841 1.508689
1666878234.444388 0.198297 1.491847
1666878241.144249 0.195542 1.465029
1666878241.344249 0.195624 1.463844
1666878242.244231 0.194118 1.439574
1666878242.610898 0.193058 1.426477
1666878247.077478 0.191986 1.413412
1666878247.310827 0.191513 1.358325
1666878247.544160 0.191312 1.323284
1666878247.744161 0.191252 1.408445
1666878248.010811 0.191400 1.405639
1666878248.910805 0.191852 1.364973
1666878250.677472 0.192890 1.359867
1666878251.044122 0.193309 1.319302
1666878251.510787 0.194301 1.282861
1666878252.110862 0.196356 1.246261
1666878252.510725 0.197545 1.242265
1666878253.410792 0.193701 1.191036
1666878253.810764 0.194324 1.187208
1666878254.044098 0.196100 1.175317
1666878254.277431 0.197047 1.170804
1666878254.544099 0.197672 1.169140
1666878255.177445 0.197225 1.157819
1666878256.044013 0.195857 1.135255
1666878260.710588 0.196996 1.106728
1666878268.910465 0.196674 1.119638
1666878269.243799 0.196373 1.116482
1666878272.443831 0.195750 1.114343
1666878272.977057 0.195697 1.104302
1666878273.343762 0.196019 1.103040
1666878276.210352 0.194798 1.092437
1666878277.810249 0.194950 1.089861
1666878280.010247 0.194643 1.088188
1666878280.510334 0.193924 1.101235
1666878280.977001 0.194095 1.097108
1666878281.310335 0.194254 1.095000
1666878282.010168 0.194460 1.093223
1666878282.176836 0.194658 1.093420
1666878282.276836 0.194779 1.087872
1666878282.776831 0.194438 1.079826
1666878283.743573 0.196103 1.064330
1666878286.010109 0.195947 1.053855
1666878289.043388 0.197407 1.047095
1666878289.643399 0.197606 1.032881
1666878290.376699 0.197366 1.027242
1666878290.743366 0.197453 1.021601
1666878291.043329 0.197786 1.012686
1666878291.443378 0.197864 0.997914
1666878291.843339 0.197851 0.994392
1666878292.176673 0.197992 0.989829
1666878292.576681 0.198020 0.987056
1666878293.010077 0.197402 0.976755
1666878293.343316 0.196651 0.957158
1666878295.010110 0.196605 0.954498
1666878295.576623 0.196340 0.951821
1666878305.176494 0.196251 0.948894
1666878306.943085 0.196088 0.948707
1666878307.276419 0.196282 0.945629
1666878307.576402 0.196421 0.944256
1666878307.909748 0.196450 0.944092
1666878319.976196 0.196246 0.943057
1666878320.942896 0.196241 0.942696
1666878326.409458 0.196404 0.941359
1666878327.709407 0.196533 0.941004
1666878327.976121 0.196987 0.926054
1666878328.342789 0.197280 0.919881
1666878328.976081 0.197105 0.919076
1666878329.309416 0.196301 0.890161
1666878329.509348 0.195994 0.864472
1666878329.676015 0.196022 0.853635
1666878329.842682 0.196244 0.843199
1666878330.042572 0.196580 0.835489
1666878330.209239 0.196871 0.832052
1666878330.409408 0.196832 0.827082
1666878330.909295 0.194794 0.778134
1666878331.142629 0.193169 0.749175
1666878331.375963 0.192035 0.736229
1666878331.675972 0.193503 1.023369
1666878332.242603 0.193331 1.017402
1666878332.442666 0.192812 1.012980
1666878332.742667 0.192806 1.012526
1666878333.109409 0.192663 1.009388
1666878333.309409 0.192287 1.005396
1666878333.475977 0.191989 1.000839
1666878333.642644 0.191657 0.996705
1666878333.809311 0.191367 0.992388
1666878333.942606 0.191224 0.987981
1666878334.075940 0.191163 0.982067
1666878334.209273 0.191204 0.969217
1666878334.342607 0.191368 0.946072
1666878334.475965 0.191652 0.927973
1666878334.575965 0.191605 0.920342
1666878334.709299 0.191647 0.915897
1666878334.842632 0.191793 0.910444
1666878335.009299 0.191969 0.902141
1666878335.209300 0.192240 0.889366
1666878335.409171 0.192085 0.865214
1666878335.709172 0.191900 0.835833
1666878336.609294 0.194022 0.773954
1666878337.642594 0.196524 0.760064
1666878339.575885 0.192567 0.981467
1666878341.775852 0.192493 1.027530
1666878342.542503 0.192951 1.013013
1666878343.875829 0.195905 1.002804
1666878344.942499 0.198035 0.979581
1666878345.275833 0.197534 0.912053
1666878345.475868 0.198333 0.874629
1666878345.675868 0.199035 0.841828
1666878345.842535 0.199200 0.798829
1666878345.975869 0.199667 0.772688
1666878346.109202 0.199900 0.758962
1666878346.275869 0.199753 0.751321
1666878346.442458 0.199604 0.745818
1666878346.609125 0.199444 0.740256
1666878346.809126 0.199430 0.732382
1666878346.975756 0.199627 0.724584
1666878347.142423 0.199775 0.718559
1666878347.309090 0.199885 0.714531
1666878347.509221 0.200919 0.709916
1666878347.709221 0.201791 0.703109
1666878347.975888 0.203095 0.693871
1666878348.309222 0.204389 0.739795
1666878350.542523 0.204656 0.671113
1666878351.575786 0.203866 0.640836
1666878352.142454 0.201281 0.625404
1666878352.575756 0.198298 0.580571
1666878352.775756 0.198894 0.559227
1666878352.942387 0.199158 0.519262
1666878353.109054 0.199545 0.497968
1666878353.309055 0.199881 0.490448
1666878353.575723 0.200162 0.489097
1666878356.642392 0.200661 0.473609
1666878357.275793 0.200443 0.470033
1666878358.309129 0.200869 0.469702
1666878358.642299 0.200649 0.468172
1666878359.575722 0.200560 0.467049
1666878360.375699 0.200459 0.465074
1666878360.942423 0.199871 0.459634
1666878361.475692 0.199341 0.456745
1666878361.942360 0.200184 0.452478
1666878362.309027 0.199895 0.447975
1666878362.542368 0.199429 0.440436
1666878362.809035 0.199096 0.437295
1666878363.109095 0.199113 0.436328
1666878363.742430 0.199390 0.434402
1666878364.209093 0.199603 0.432696
1666878366.342387 0.199523 0.432554
1666878368.142381 0.199737 0.431558
1666878368.808948 0.199842 0.430555
1666878369.442330 0.199834 0.429936
1666878369.675664 0.199557 0.427795
1666878369.975728 0.199372 0.426879
1666878371.008890 0.200126 0.423108
1666878371.942305 0.200609 0.421655
1666878372.942213 0.200711 0.421586
1666878373.142214 0.200170 0.416438
1666878373.375548 0.199540 0.409179
1666878373.575556 0.199055 0.404593
1666878373.742223 0.198705 0.401429
1666878373.908890 0.198174 0.398500
1666878374.075633 0.197647 0.395731
1666878374.242300 0.197102 0.393153
1666878374.375634 0.196789 0.391679
1666878374.542214 0.196335 0.390121
1666878374.708881 0.196017 0.388735
1666878374.908882 0.195764 0.387734
1666878375.142208 0.195470 0.386178
1666878375.375541 0.195261 0.384307
1666878375.642265 0.195212 0.382296
1666878375.908932 0.195115 0.381052
1666878376.842333 0.196305 0.363217
1666878377.009000 0.196186 0.354795
1666878377.209000 0.196194 0.351717
1666878377.442334 0.196100 0.350714
1666878377.875668 0.196238 0.350332
1666878378.208854 0.196357 0.350078
1666878378.375521 0.196308 0.349705
1666878378.575528 0.196224 0.349190
1666878378.742195 0.196200 0.348551
1666878378.908862 0.195899 0.347735
1666878379.108887 0.195676 0.346404
1666878379.342221 0.195395 0.345594
1666878379.808816 0.195532 0.343786
1666878380.808938 0.196884 0.330427
1666878382.508822 0.197311 0.329781
1666878382.775490 0.197164 0.326553
1666878383.142157 0.197102 0.325692
1666878383.875492 0.196948 0.324940
1666878384.575473 0.196813 0.324527
1666878385.375445 0.196732 0.324469
1666878386.175454 0.196320 0.323859
1666878386.642089 0.195835 0.322663
1666878386.908757 0.195735 0.318843
1666878387.108777 0.195747 0.317197
1666878387.342111 0.195653 0.315545
1666878387.642145 0.195317 0.314362
1666878387.942145 0.195000 0.313922
1666878388.442146 0.195341 0.312874
1666878388.575461 0.195464 0.309587
1666878388.875461 0.195616 0.308635
1666878389.042074 0.195669 0.308493
1666878389.275408 0.195565 0.308174
1666878389.842119 0.195512 0.306483
1666878390.042129 0.195393